24
52
104
106
127
128
155
363
428
481
520
531
549
584
606
