18
48
92
104
127
167
241
397
428
481
484
520
548
583
607
