186
520
105
