12
66
105
106
167
234
271
397
415
427
481
520
583
606
616
