37
125
128
186
363
399
481
484
548
606
608
