484
598
522
