25
104
106
163
330
352
519
520
548
577
606
