557
608
