18
54
75
92
164
198
267
308
365
428
455
512
548
557
592
