15
75
104
415
428
501
545
551
