30
131
252
259
330
481
484
489
549
561
581
