12
15
104
127
128
186
252
363
402
481
484
531
549
584
606
