24
104
128
606
608
