170
386
399
