78
220
222
330
337
455
253
380
386
422
427
489
551
581
619
