30
131
171
205
330
338
481
484
489
581
584
