608
229
273
