75
616
