352
162
93
