54
75
132
164
365
394
428
455
512
549
584
