9
128
186
252
330
402
481
484
549
584
606
