12
164
186
252
259
352
399
402
481
549
584
