1
78
105
106
171
394
406
484
549
557
581
