128
484
606
