352
259
75
