234
536
548
584
