48
66
75
89
92
106
164
330
352
428
484
520
557
577
621
