12
48
104
106
155
164
221
330
428
455
484
520
548
549
577
