12
104
127
128
363
428
481
520
584
606
607
