58
106
131
205
330
350
484
489
549
576
584
