48
105
127
167
352
428
481
484
520
583
606
