23
128
186
252
352
399
481
484
549
584
606
