352
167
211
