48
271
352
520
548
