330
466
