9
30
121
131
171
177
252
330
350
481
484
489
576
577
581
