31
36
75
104
161
174
180
380
386
422
427
489
551
606
619
