48
128
176
259
363
399
481
519
549
584
606
