104
579
607
