25
75
164
241
308
365
394
455
512
584
592
