9
48
127
131
222
232
252
330
350
394
481
484
549
576
581
