24
30
75
105
106
127
128
363
428
481
520
536
548
558
606
