176
89
621
