557
131
350
