12
30
127
131
171
205
237
330
350
352
484
489
549
576
584
