24
30
104
105
106
127
128
352
428
481
484
522
548
583
607
