9
17
131
171
203
205
259
338
350
481
484
489
557
561
581
