1
131
232
252
330
363
394
481
484
549
576
