35
48
75
164
176
221
259
308
365
415
455
512
548
576
584
