16
25
75
106
155
176
259
352
428
455
484
520
548
576
577
