399
106
128
