23
352
520
