48
58
106
127
128
176
186
300
363
428
481
510
558
583
598
