48
104
158
259
330
363
428
520
548
557
577
