399
428
549
