58
344
548
