48
89
96
106
330
428
455
484
520
557
584
