23
48
90
104
127
158
234
352
428
481
484
520
548
583
584
