54
489
