205
284
