30
104
108
128
176
186
279
363
519
583
584
