48
54
92
96
101
106
241
330
352
399
428
520
548
557
577
