12
48
90
127
128
186
252
326
330
335
481
484
549
584
606
