12
23
92
104
105
164
221
352
428
455
484
520
557
577
583
