58
104
106
259
330
352
428
520
548
577
584
