15
48
104
105
106
167
241
352
399
428
484
520
561
583
592
