37
183
186
259
274
361
415
495
522
557
583
