37
52
106
127
128
252
259
300
386
455
481
484
549
584
606
