12
37
75
106
127
128
271
352
363
428
481
520
558
606
607
